3,2
3,1
3,3
10,64
10,210
10,70
10,4
10,132
10,68
10,268
10,1
10,310
10,2
10,3
11,2
11,3
12,2
12,1
12,3
20,2
20,1
20,3
29,7
29,6
29,5
29,4
29,3
19,2
19,1
29,2
29,1
19,3
29,0
28,6
28,5
28,4
28,3
28,2
28,1
28,0
27,7
27,6
27,5
27,4
27,3
27,2
27,1
27,0
26,4
26,3
26,2
26,1
26,0
25,5
25,4
25,3
25,2
25,1
25,0
24,4
24,3
24,2
24,1
24,0
23,3
23,2
23,1
23,0
11,29
11,28
11,27
11,26
11,25
11,24
11,23
11,22
11,21
11,20
11,19
11,18
11,17
11,16
11,15
11,14
11,13
11,12
11,11
11,10
11,9
11,1
18,1
18,3
11,8
9,7
9,6
9,5
9,4
9,3
9,2
9,1
9,0
8,18
8,17
8,16
8,15
